Lidar_front_end:
   lidar_type: 3   # 1 for Livox-avia, 3 for Ouster-OS1-64
   N_SCANS: 64
   using_raw_point: 1
   point_step: 1
   blind: 1
   
r3live_common:
   if_dump_log: 0                   # If recording ESIKF update log. [default = 0]
   record_offline_map: 0            # If recording offline map. [default = 1]
   pub_pt_minimum_views: 3          # Publish points which have been render up to "pub_pt_minimum_views" time. [default = 3]
   minimum_pts_size: 0.01           # The minimum distance for every two points in Global map (unit in meter). [default = 0.01] 
   image_downsample_ratio: 1        # The downsample ratio of the input image. [default = 1]
   estimate_i2c_extrinsic: 1        # If enable estimate the extrinsic between camera and IMU. [default = 1] 
   estimate_intrinsic: 1            # If enable estimate the online intrinsic calibration of the camera lens. [default = 1] 
   maximum_vio_tracked_pts: 600     # The maximum points for tracking. [default = 600]
   append_global_map_point_step: 4  # The point step of append point to global map. [default = 4]

r3live_vio:
   image_width: 1224
   image_height: 1024
   camera_intrinsic:
      [1.175503521179938e+03,    0.0,            6.172508855428520e+02, 
             0.0,           1.175686431236336e+03, 5.139372491002910e+02, 
             0.0,               0.0,              1.0]  
   camera_dist_coeffs: [-0.056738764215225, 0.137664290829160, 7.198625510080136e-04, -6.529195031528032e-05, -0.076759610407123]  #k1, k2, p1, p2, k3
   # Fine extrinsic value. form camera-LiDAR calibration.
   camera_ext_R: [0.004932897859804, -0.007798013401450,  0.999957427846654,  
          -0.999986845320340, -0.001444039326857,  0.004921781861942,
           0.001405597730074, -0.999968552374230, -0.007805034119587]
   camera_ext_t: [ 0.128204832388984,  -0.072117720451154, -0.016442792467141]
   
r3live_lio:        
   lio_update_point_step: 1   # Point step used for LIO update.  
   max_iteration: 10           # Maximum times of LIO esikf.
   lidar_time_delay: 0        # The time-offset between LiDAR and IMU, provided by user. 
   filter_size_corner: 0.20   
   filter_size_surf: 0.20
   filter_size_surf_z: 0.20
   filter_size_map: 0.20
   lidar_imu_rotm:
      [ 0.998638,  0.052001, -0.004278, 
          -0.051937,  0.998554,  0.013900,
           0.004994, -0.013659,  0.999894 ] 
   lidar_imu_t: [-0.027172, -0.034873,  0.062643]