Lidar_front_end:
   lidar_type: 2   # 1 for Livox-avia, 3 for Ouster-OS1-64
   N_SCANS: 16
   using_raw_point: 1
   point_step: 1
   blind: 4
   
r3live_common:
   if_dump_log: 0                   # If recording ESIKF update log. [default = 0]
   record_offline_map: 0            # If recording offline map. [default = 1]
   pub_pt_minimum_views: 3          # Publish points which have been render up to "pub_pt_minimum_views" time. [default = 3]
   minimum_pts_size: 0.01           # The minimum distance for every two points in Global map (unit in meter). [default = 0.01] 
   image_downsample_ratio: 1        # The downsample ratio of the input image. [default = 1]
   estimate_i2c_extrinsic: 1        # If enable estimate the extrinsic between camera and IMU. [default = 1] 
   estimate_intrinsic: 1            # If enable estimate the online intrinsic calibration of the camera lens. [default = 1] 
   maximum_vio_tracked_pts: 600     # The maximum points for tracking. [default = 600]
   append_global_map_point_step: 4  # The point step of append point to global map. [default = 4]

r3live_vio:
   image_width: 1224
   image_height: 1024
   camera_intrinsic:
      [1176.371989001733,    0.0,            621.676298301324, 
             0.0,            1176.092984580754, 508.182115727477, 
             0.0,               0.0,              1.0]  
   camera_dist_coeffs: [-0.052418753922603, 0.104682361259496, 0.000650517607061, 0.000103793518711, 0.0]  #k1, k2, p1, p2, k3
   # Fine extrinsic value. form camera-LiDAR calibration.
   camera_ext_R: [0.017870010543876, -0.017600720528060,  0.999685389190047,  
         -0.999728769020931, -0.015249506692405,  0.017602299211548,  
          0.014934895883679, -0.999728796815682, -0.017868455512781]
   camera_ext_t: [ 0.132943148638482,  0.201060820335298, -0.083131958281528]
   
r3live_lio:        
   lio_update_point_step: 3   # Point step used for LIO update.  
   max_iteration: 10           # Maximum times of LIO esikf.
   lidar_time_delay: 0  # The time-offset between LiDAR and IMU, provided by user. 
   filter_size_corner: 0.2   
   filter_size_surf: 0.2
   filter_size_surf_z: 0.2
   filter_size_map: 0.2
   lidar_imu_rotm:
      [ 0.9998  , -0.0111 ,  0.0173 ,
        0.0112  , 0.9999,   -0.0048 ,
      -0.0173  ,  0.0050  ,  0.9998  ] 
   lidar_imu_t: [0.0496, -0.0927,  0.0153]